[Instr]

instr_number=5

instr_tick=0.01


[Num]

gann_scale0=24883200

gann_scale1=2073600

gann_scale2=172800

gann_scale3=14400

gann_scale4=1200

gann_scale5=100

gann_scale6=8.333333333333

gann_scale7=0.694444444444

gann_scale8=0.057870370370


wh_scale0=-1

wh_scale1=-1

wh_scale2=-1

wh_scale3=0.005787037037037

wh_scale4=0.069444444444

wh_scale5=0.833333333333

wh_scale6=10

wh_scale7=120

wh_scale8=1440


[Ind]

;in points
min_half_range=75


[Trade]

lot=1000

spread=3.4

commission=0