[Instr]

instr_number=1

instr_tick=0.0001


[Num]

gann_scale0=2488320000

gann_scale1=207360000

gann_scale2=17280000

gann_scale3=1440000

gann_scale4=120000

gann_scale5=10000

gann_scale6=833.333333333333

gann_scale7=69.444444444444

gann_scale8=5.787037037037


wh_scale0=-1

wh_scale1=-1

wh_scale2=-1

wh_scale3=0.00005787037037037037

wh_scale4=0.00069444444444

wh_scale5=0.00833333333333

wh_scale6=0.1

wh_scale7=1.2

wh_scale8=14.4


[Ind]

;in points
min_half_range=75


[Trade]

leverage=100

lot=1000

spread=2.3

commission=0